label,protected,y_pred
0.0,1.0,1.0
1.0,1.0,1.0
0.0,0.0,0.0
0.0,1.0,0.0
0.0,1.0,1.0
1.0,0.0,0.0
0.0,1.0,0.0
1.0,0.0,1.0
0.0,1.0,0.0
1.0,0.0,1.0
1.0,1.0,1.0
0.0,0.0,0.0
0.0,0.0,1.0
1.0,1.0,1.0
0.0,1.0,1.0
1.0,1.0,0.0
0.0,0.0,1.0
1.0,1.0,1.0
0.0,0.0,1.0
1.0,0.0,1.0
0.0,0.0,1.0
1.0,1.0,1.0
0.0,1.0,0.0
1.0,0.0,1.0
1.0,1.0,0.0
1.0,1.0,1.0
1.0,1.0,0.0
0.0,0.0,1.0
0.0,1.0,1.0
0.0,0.0,0.0
1.0,0.0,1.0
1.0,1.0,1.0
0.0,1.0,1.0
1.0,0.0,1.0
1.0,1.0,1.0
0.0,0.0,0.0
1.0,1.0,1.0
0.0,0.0,0.0
1.0,1.0,0.0
0.0,1.0,0.0
0.0,1.0,0.0
1.0,1.0,1.0
1.0,0.0,1.0
1.0,0.0,1.0
1.0,0.0,1.0
1.0,0.0,0.0
1.0,1.0,1.0
1.0,0.0,1.0
0.0,0.0,1.0
0.0,1.0,1.0
0.0,1.0,1.0
1.0,0.0,1.0
0.0,1.0,1.0
1.0,0.0,1.0
0.0,0.0,1.0
1.0,1.0,0.0
0.0,0.0,1.0
1.0,1.0,0.0
0.0,1.0,0.0
1.0,0.0,1.0
1.0,1.0,0.0
1.0,0.0,1.0
0.0,1.0,1.0
0.0,1.0,0.0
0.0,1.0,0.0
1.0,1.0,1.0
1.0,0.0,1.0
0.0,1.0,0.0
1.0,0.0,1.0
1.0,0.0,1.0
1.0,0.0,1.0
1.0,1.0,0.0
1.0,1.0,1.0
0.0,0.0,1.0
1.0,1.0,1.0
1.0,1.0,1.0
1.0,0.0,1.0
0.0,1.0,1.0
1.0,0.0,1.0
1.0,0.0,1.0
0.0,0.0,0.0
1.0,1.0,1.0
0.0,0.0,0.0
1.0,1.0,0.0
1.0,0.0,1.0
1.0,0.0,1.0
0.0,1.0,0.0
1.0,1.0,1.0
1.0,1.0,1.0
1.0,1.0,0.0
0.0,1.0,1.0
0.0,1.0,1.0
1.0,1.0,0.0
0.0,0.0,1.0
1.0,0.0,1.0
0.0,1.0,0.0
1.0,0.0,1.0
0.0,0.0,1.0
1.0,1.0,1.0
0.0,0.0,0.0
0.0,1.0,1.0
0.0,0.0,0.0
1.0,1.0,1.0
0.0,1.0,0.0
1.0,1.0,1.0
0.0,1.0,1.0
0.0,0.0,0.0
1.0,1.0,1.0
1.0,0.0,0.0
1.0,1.0,1.0
1.0,1.0,1.0
1.0,1.0,1.0
1.0,1.0,1.0
0.0,1.0,0.0
0.0,1.0,1.0
1.0,0.0,1.0
0.0,0.0,1.0
0.0,1.0,1.0
1.0,1.0,1.0
1.0,1.0,1.0
1.0,1.0,1.0
1.0,1.0,0.0
1.0,0.0,1.0
1.0,1.0,0.0
1.0,0.0,1.0
0.0,1.0,0.0
1.0,0.0,1.0
1.0,1.0,0.0
1.0,1.0,1.0
1.0,0.0,1.0
0.0,1.0,1.0
1.0,0.0,1.0
1.0,1.0,1.0
1.0,0.0,1.0
1.0,1.0,1.0
1.0,1.0,1.0
1.0,0.0,1.0
0.0,1.0,0.0
1.0,0.0,1.0
1.0,1.0,0.0
1.0,1.0,1.0
1.0,0.0,0.0
0.0,0.0,1.0
0.0,1.0,1.0
1.0,0.0,1.0
1.0,0.0,1.0
1.0,0.0,1.0
0.0,1.0,0.0
1.0,0.0,1.0
0.0,1.0,0.0
1.0,0.0,1.0
1.0,1.0,1.0
1.0,1.0,1.0
0.0,1.0,0.0
0.0,0.0,1.0
0.0,1.0,1.0
1.0,0.0,1.0
1.0,1.0,0.0
1.0,0.0,1.0
0.0,0.0,1.0
1.0,1.0,1.0
1.0,0.0,1.0
0.0,0.0,1.0
0.0,1.0,0.0
1.0,1.0,1.0
1.0,0.0,1.0
1.0,0.0,1.0
1.0,1.0,1.0
1.0,1.0,1.0
1.0,1.0,1.0
0.0,1.0,0.0
1.0,0.0,0.0
0.0,0.0,1.0
1.0,1.0,0.0
1.0,1.0,1.0
1.0,0.0,0.0
1.0,1.0,1.0
0.0,1.0,1.0
1.0,1.0,0.0
0.0,1.0,0.0
1.0,1.0,1.0
1.0,0.0,0.0
0.0,1.0,1.0
1.0,1.0,1.0
0.0,1.0,0.0
1.0,1.0,1.0
1.0,1.0,0.0
0.0,1.0,1.0
1.0,1.0,1.0
1.0,0.0,1.0
1.0,1.0,1.0
1.0,1.0,1.0
0.0,1.0,0.0
1.0,1.0,1.0
0.0,1.0,0.0
0.0,1.0,0.0
0.0,1.0,0.0
0.0,1.0,0.0
1.0,1.0,1.0
1.0,0.0,1.0
1.0,1.0,1.0
1.0,1.0,1.0
1.0,1.0,1.0
1.0,0.0,1.0
1.0,0.0,1.0
1.0,1.0,1.0
0.0,1.0,0.0
1.0,1.0,1.0
0.0,1.0,0.0
1.0,1.0,1.0
1.0,0.0,1.0
0.0,1.0,0.0
0.0,1.0,0.0
1.0,0.0,1.0
1.0,0.0,1.0
1.0,1.0,1.0
1.0,0.0,1.0
0.0,1.0,0.0
0.0,0.0,0.0
0.0,0.0,1.0
0.0,0.0,1.0
1.0,1.0,1.0
1.0,0.0,0.0
1.0,1.0,0.0
1.0,1.0,1.0
0.0,0.0,0.0
1.0,0.0,0.0
0.0,1.0,1.0
0.0,0.0,1.0
0.0,0.0,1.0
0.0,1.0,0.0
1.0,1.0,1.0
0.0,0.0,0.0
1.0,1.0,1.0
0.0,1.0,0.0
0.0,0.0,1.0
0.0,1.0,0.0
0.0,1.0,1.0
0.0,0.0,1.0
1.0,0.0,0.0
1.0,0.0,0.0
1.0,0.0,1.0
1.0,1.0,1.0
0.0,0.0,1.0
1.0,0.0,0.0
0.0,0.0,1.0
0.0,1.0,0.0
1.0,0.0,1.0
1.0,0.0,1.0
0.0,1.0,1.0
0.0,0.0,0.0
1.0,0.0,1.0
1.0,0.0,1.0
0.0,1.0,0.0
0.0,1.0,1.0
1.0,0.0,1.0
1.0,1.0,1.0
1.0,1.0,1.0
0.0,1.0,0.0
0.0,0.0,0.0
1.0,1.0,1.0
1.0,0.0,0.0
0.0,0.0,0.0
1.0,1.0,1.0
0.0,0.0,1.0
1.0,1.0,1.0
1.0,1.0,0.0
0.0,1.0,1.0
1.0,1.0,1.0
1.0,1.0,1.0
0.0,1.0,1.0
1.0,1.0,1.0
1.0,0.0,1.0
0.0,1.0,0.0
1.0,0.0,1.0
0.0,0.0,1.0
1.0,0.0,1.0
1.0,1.0,1.0
1.0,1.0,0.0
1.0,0.0,1.0
1.0,0.0,1.0
1.0,1.0,1.0
0.0,0.0,0.0
1.0,1.0,1.0
1.0,0.0,1.0
0.0,0.0,0.0
0.0,1.0,0.0
1.0,1.0,1.0
0.0,1.0,0.0
0.0,0.0,1.0
1.0,0.0,1.0
0.0,0.0,0.0
1.0,1.0,1.0
1.0,1.0,0.0
1.0,0.0,1.0
1.0,1.0,1.0
0.0,0.0,1.0
0.0,1.0,1.0
0.0,0.0,0.0
1.0,1.0,1.0
1.0,1.0,1.0
1.0,1.0,1.0
1.0,0.0,1.0
1.0,0.0,1.0
1.0,1.0,1.0
1.0,0.0,0.0
0.0,1.0,0.0
1.0,0.0,1.0
1.0,1.0,1.0
1.0,0.0,1.0
0.0,1.0,0.0
0.0,1.0,0.0
0.0,1.0,0.0
1.0,0.0,1.0
1.0,1.0,1.0
0.0,0.0,0.0
1.0,0.0,1.0
0.0,0.0,1.0
1.0,1.0,0.0
0.0,1.0,1.0
1.0,0.0,1.0
0.0,0.0,0.0
0.0,1.0,1.0
0.0,1.0,0.0
1.0,0.0,0.0
1.0,1.0,1.0
1.0,1.0,1.0
0.0,0.0,1.0
0.0,1.0,1.0
1.0,0.0,1.0
1.0,1.0,1.0
1.0,1.0,0.0
1.0,0.0,1.0
0.0,1.0,1.0
0.0,1.0,0.0
1.0,0.0,0.0
0.0,0.0,1.0
1.0,0.0,1.0
1.0,0.0,1.0
1.0,0.0,0.0
1.0,0.0,1.0
0.0,0.0,1.0
1.0,1.0,0.0
1.0,0.0,1.0
0.0,0.0,0.0
1.0,0.0,0.0
1.0,1.0,0.0
0.0,1.0,0.0
1.0,1.0,1.0
1.0,1.0,1.0
0.0,1.0,0.0
1.0,0.0,1.0
1.0,1.0,0.0
1.0,0.0,0.0
0.0,0.0,1.0
1.0,0.0,0.0
1.0,0.0,1.0
0.0,0.0,0.0
1.0,1.0,1.0
0.0,0.0,1.0
1.0,1.0,1.0
0.0,0.0,1.0
0.0,1.0,0.0
1.0,1.0,1.0
1.0,1.0,0.0
0.0,0.0,1.0
1.0,1.0,0.0
1.0,1.0,0.0
1.0,0.0,1.0
0.0,0.0,0.0
1.0,1.0,1.0
1.0,0.0,0.0
0.0,1.0,0.0
1.0,0.0,0.0
0.0,0.0,0.0
0.0,1.0,0.0
1.0,0.0,0.0
0.0,0.0,1.0
1.0,1.0,1.0
0.0,1.0,1.0
1.0,1.0,1.0
1.0,0.0,1.0
0.0,1.0,0.0
0.0,1.0,0.0
1.0,1.0,1.0
0.0,1.0,0.0
1.0,1.0,0.0
0.0,0.0,1.0
0.0,1.0,0.0
1.0,0.0,1.0
1.0,0.0,1.0
1.0,0.0,1.0
0.0,1.0,0.0
1.0,0.0,1.0
0.0,0.0,0.0
1.0,0.0,1.0
1.0,1.0,1.0
0.0,0.0,0.0
0.0,0.0,1.0
0.0,0.0,1.0
0.0,1.0,0.0
0.0,1.0,1.0
0.0,1.0,1.0
1.0,0.0,1.0
1.0,1.0,1.0
1.0,0.0,1.0
0.0,1.0,1.0
0.0,1.0,1.0
0.0,0.0,1.0
1.0,0.0,1.0
1.0,1.0,1.0
0.0,1.0,1.0
1.0,1.0,1.0
0.0,1.0,0.0
0.0,0.0,1.0
1.0,1.0,0.0
0.0,1.0,1.0
1.0,0.0,1.0
0.0,0.0,1.0
1.0,0.0,0.0
1.0,1.0,0.0
1.0,0.0,1.0
1.0,1.0,0.0
1.0,0.0,1.0
1.0,0.0,0.0
0.0,1.0,1.0
0.0,0.0,1.0
1.0,1.0,1.0
0.0,1.0,0.0
0.0,1.0,1.0
0.0,0.0,1.0
1.0,0.0,1.0
1.0,0.0,0.0
1.0,0.0,1.0
1.0,1.0,1.0
0.0,0.0,1.0
0.0,1.0,1.0
1.0,0.0,0.0
0.0,1.0,1.0
1.0,1.0,1.0
0.0,1.0,0.0
1.0,0.0,0.0
1.0,0.0,1.0
1.0,1.0,1.0
0.0,0.0,1.0
0.0,1.0,0.0
0.0,1.0,1.0
0.0,0.0,1.0
1.0,0.0,1.0
1.0,0.0,1.0
0.0,0.0,0.0
0.0,0.0,0.0
1.0,0.0,1.0
1.0,1.0,1.0
1.0,0.0,1.0
1.0,0.0,1.0
0.0,1.0,0.0
0.0,1.0,0.0
0.0,1.0,0.0
1.0,1.0,0.0
0.0,0.0,1.0
1.0,1.0,1.0
0.0,0.0,1.0
1.0,0.0,1.0
1.0,0.0,1.0
1.0,0.0,1.0
0.0,1.0,0.0
0.0,1.0,0.0
1.0,1.0,1.0
0.0,0.0,1.0
1.0,1.0,1.0
1.0,0.0,1.0
0.0,0.0,1.0
0.0,0.0,1.0
1.0,0.0,1.0
1.0,1.0,0.0
0.0,1.0,0.0
0.0,1.0,1.0
0.0,1.0,0.0
0.0,1.0,1.0
0.0,1.0,1.0
0.0,1.0,0.0
0.0,1.0,1.0
1.0,1.0,1.0
1.0,1.0,1.0
1.0,0.0,1.0
1.0,0.0,1.0
1.0,1.0,0.0
1.0,1.0,1.0
0.0,1.0,0.0
1.0,1.0,0.0
1.0,0.0,1.0
1.0,0.0,1.0
1.0,1.0,1.0
0.0,1.0,0.0
0.0,1.0,1.0
1.0,1.0,0.0
0.0,0.0,0.0
1.0,1.0,1.0
1.0,0.0,0.0
1.0,0.0,1.0
1.0,0.0,0.0
0.0,0.0,1.0
0.0,1.0,0.0
0.0,0.0,0.0
1.0,0.0,1.0
0.0,1.0,0.0
1.0,1.0,1.0
0.0,0.0,1.0
0.0,1.0,0.0
1.0,1.0,1.0
0.0,1.0,1.0
1.0,1.0,1.0
1.0,0.0,0.0
0.0,0.0,0.0
0.0,1.0,1.0
1.0,0.0,1.0
1.0,1.0,1.0
0.0,1.0,0.0
0.0,0.0,1.0
1.0,1.0,0.0
1.0,0.0,1.0
1.0,1.0,1.0
1.0,1.0,0.0
0.0,1.0,1.0
1.0,0.0,1.0
0.0,1.0,1.0
0.0,1.0,1.0
1.0,1.0,1.0
0.0,1.0,0.0
0.0,1.0,1.0
1.0,0.0,0.0
1.0,0.0,1.0
0.0,0.0,0.0
1.0,1.0,1.0
1.0,0.0,0.0
0.0,0.0,1.0
0.0,1.0,1.0
1.0,1.0,1.0
0.0,1.0,1.0
0.0,1.0,1.0
1.0,0.0,1.0
1.0,1.0,0.0
0.0,1.0,0.0
1.0,1.0,1.0
1.0,0.0,0.0
0.0,0.0,1.0
0.0,0.0,0.0
1.0,1.0,1.0
0.0,0.0,1.0
1.0,1.0,1.0
0.0,0.0,0.0
0.0,1.0,1.0
1.0,1.0,0.0
1.0,1.0,1.0
1.0,0.0,1.0
0.0,1.0,0.0
1.0,1.0,0.0
0.0,1.0,0.0
1.0,0.0,1.0
0.0,1.0,1.0
1.0,1.0,0.0
1.0,0.0,1.0
1.0,1.0,0.0
0.0,0.0,0.0
1.0,0.0,1.0
0.0,1.0,0.0
0.0,1.0,0.0
1.0,0.0,0.0
1.0,0.0,1.0
0.0,1.0,0.0
1.0,0.0,1.0
0.0,1.0,1.0
0.0,1.0,1.0
1.0,0.0,1.0
0.0,1.0,0.0
0.0,1.0,0.0
1.0,1.0,1.0
1.0,1.0,0.0
0.0,1.0,0.0
0.0,1.0,0.0
1.0,1.0,1.0
1.0,0.0,1.0
1.0,1.0,1.0
1.0,1.0,1.0
0.0,1.0,0.0
0.0,1.0,0.0
1.0,1.0,1.0
0.0,1.0,0.0
0.0,1.0,1.0
1.0,1.0,1.0
0.0,1.0,0.0
0.0,0.0,1.0
1.0,1.0,1.0
0.0,1.0,0.0
0.0,1.0,1.0
1.0,1.0,1.0
1.0,0.0,1.0
0.0,0.0,0.0
1.0,0.0,1.0
0.0,1.0,1.0
0.0,1.0,0.0
1.0,1.0,1.0
0.0,0.0,1.0
1.0,1.0,1.0
0.0,0.0,1.0
1.0,0.0,1.0
1.0,1.0,1.0
0.0,1.0,1.0
1.0,1.0,0.0
1.0,0.0,0.0
1.0,1.0,1.0
1.0,1.0,0.0
1.0,0.0,1.0
0.0,0.0,1.0
1.0,0.0,1.0
1.0,0.0,1.0
1.0,1.0,0.0
1.0,0.0,1.0
0.0,1.0,0.0
1.0,1.0,1.0
0.0,1.0,1.0
0.0,1.0,0.0
1.0,1.0,1.0
1.0,1.0,1.0
1.0,0.0,1.0
1.0,0.0,1.0
1.0,1.0,0.0
1.0,1.0,0.0
0.0,0.0,1.0
1.0,1.0,1.0
0.0,0.0,0.0
1.0,1.0,1.0
0.0,1.0,0.0
1.0,0.0,1.0
0.0,1.0,1.0
0.0,0.0,1.0
0.0,1.0,1.0
0.0,1.0,0.0
1.0,0.0,1.0
1.0,0.0,1.0
0.0,1.0,0.0
0.0,1.0,0.0
0.0,1.0,0.0
0.0,0.0,0.0
0.0,1.0,1.0
0.0,1.0,1.0
1.0,0.0,1.0
0.0,1.0,1.0
1.0,1.0,1.0
0.0,1.0,0.0
1.0,0.0,1.0
1.0,0.0,1.0
1.0,1.0,0.0
0.0,1.0,1.0
1.0,1.0,1.0
1.0,1.0,0.0
1.0,0.0,1.0
0.0,1.0,0.0
1.0,0.0,1.0
0.0,0.0,1.0
1.0,1.0,1.0
0.0,1.0,1.0
1.0,1.0,1.0
0.0,0.0,0.0
1.0,1.0,0.0
0.0,1.0,1.0
0.0,1.0,1.0
1.0,1.0,1.0
0.0,0.0,1.0
1.0,1.0,1.0
0.0,0.0,1.0
0.0,1.0,0.0
0.0,0.0,1.0
0.0,1.0,1.0
0.0,0.0,1.0
1.0,1.0,1.0
0.0,1.0,0.0
0.0,1.0,1.0
0.0,0.0,0.0
0.0,1.0,0.0
1.0,0.0,1.0
0.0,1.0,1.0
0.0,0.0,1.0
1.0,1.0,1.0
0.0,0.0,0.0
1.0,1.0,1.0
1.0,0.0,1.0
1.0,1.0,1.0
0.0,1.0,0.0
0.0,1.0,0.0
1.0,0.0,1.0
1.0,1.0,1.0
0.0,1.0,0.0
0.0,1.0,0.0
1.0,1.0,1.0
0.0,1.0,1.0
1.0,1.0,1.0
1.0,1.0,1.0
0.0,0.0,0.0
1.0,0.0,1.0
0.0,1.0,0.0
0.0,1.0,0.0
0.0,0.0,1.0
1.0,0.0,1.0
0.0,1.0,1.0
1.0,0.0,1.0
1.0,1.0,1.0
1.0,0.0,1.0
1.0,0.0,0.0
1.0,1.0,0.0
1.0,1.0,0.0
1.0,1.0,1.0
0.0,1.0,0.0
0.0,1.0,0.0
1.0,1.0,1.0
0.0,0.0,1.0
0.0,1.0,1.0
0.0,0.0,1.0
1.0,1.0,1.0
1.0,0.0,1.0
1.0,1.0,1.0
0.0,0.0,0.0
0.0,1.0,1.0
1.0,0.0,1.0
0.0,1.0,1.0
0.0,1.0,0.0
0.0,1.0,0.0
1.0,1.0,1.0
1.0,1.0,1.0
0.0,1.0,1.0
1.0,1.0,1.0
0.0,0.0,0.0
1.0,1.0,0.0
0.0,0.0,0.0
0.0,1.0,1.0
0.0,1.0,0.0
1.0,0.0,0.0
1.0,0.0,1.0
1.0,1.0,1.0
1.0,0.0,1.0
1.0,0.0,1.0
1.0,0.0,1.0
0.0,1.0,0.0
0.0,1.0,1.0
0.0,1.0,1.0
1.0,1.0,1.0
1.0,0.0,1.0
0.0,1.0,0.0
1.0,1.0,1.0
1.0,0.0,1.0
1.0,1.0,1.0
0.0,1.0,0.0
1.0,0.0,1.0
1.0,0.0,1.0
0.0,1.0,1.0
1.0,1.0,0.0
0.0,0.0,1.0
1.0,1.0,1.0
0.0,0.0,0.0
1.0,0.0,1.0
1.0,1.0,1.0
0.0,1.0,1.0
0.0,0.0,1.0
1.0,1.0,1.0
0.0,1.0,1.0
1.0,1.0,1.0
0.0,1.0,0.0
1.0,1.0,1.0
1.0,0.0,0.0
1.0,1.0,1.0
1.0,1.0,1.0
0.0,1.0,0.0
0.0,1.0,1.0
0.0,0.0,0.0
1.0,0.0,1.0
1.0,0.0,1.0
0.0,0.0,0.0
0.0,1.0,0.0
0.0,1.0,0.0
1.0,1.0,1.0
1.0,1.0,1.0
0.0,1.0,0.0
1.0,1.0,1.0
0.0,0.0,1.0
1.0,0.0,0.0
0.0,1.0,1.0
1.0,1.0,1.0
0.0,0.0,0.0
1.0,1.0,1.0
0.0,1.0,0.0
1.0,1.0,0.0
0.0,1.0,0.0
1.0,0.0,1.0
1.0,0.0,0.0
0.0,1.0,1.0
1.0,0.0,0.0
1.0,0.0,1.0
0.0,1.0,0.0
1.0,0.0,1.0
0.0,1.0,1.0
0.0,1.0,0.0
0.0,1.0,1.0
1.0,1.0,0.0
0.0,1.0,0.0
1.0,1.0,1.0
1.0,1.0,1.0
1.0,1.0,1.0
1.0,1.0,1.0
1.0,1.0,1.0
0.0,1.0,0.0
0.0,0.0,0.0
0.0,1.0,0.0
1.0,0.0,1.0
1.0,1.0,1.0
1.0,1.0,1.0
0.0,1.0,0.0
1.0,1.0,1.0
0.0,0.0,0.0
0.0,1.0,1.0
1.0,1.0,1.0
1.0,0.0,1.0
0.0,0.0,0.0
1.0,0.0,1.0
0.0,0.0,1.0
0.0,1.0,0.0
0.0,0.0,0.0
0.0,1.0,0.0
1.0,1.0,1.0
1.0,0.0,1.0
1.0,0.0,1.0
0.0,0.0,1.0
1.0,0.0,0.0
1.0,1.0,0.0
0.0,1.0,0.0
0.0,0.0,0.0
1.0,1.0,0.0
0.0,0.0,0.0
1.0,0.0,1.0
1.0,1.0,1.0
1.0,1.0,0.0
0.0,1.0,1.0
0.0,1.0,0.0
0.0,1.0,0.0
1.0,1.0,1.0
1.0,0.0,1.0
1.0,1.0,1.0
1.0,1.0,1.0
0.0,0.0,1.0
0.0,1.0,1.0
0.0,1.0,0.0
0.0,1.0,0.0
0.0,1.0,1.0
0.0,0.0,1.0
0.0,1.0,0.0
0.0,1.0,0.0
1.0,1.0,1.0
1.0,1.0,1.0
1.0,0.0,0.0
0.0,1.0,0.0
0.0,0.0,0.0
1.0,1.0,1.0
0.0,1.0,0.0
1.0,0.0,1.0
1.0,0.0,1.0
1.0,0.0,1.0
0.0,1.0,1.0
0.0,1.0,1.0
1.0,0.0,1.0
1.0,1.0,0.0
0.0,1.0,1.0
1.0,0.0,1.0
1.0,0.0,1.0
0.0,1.0,0.0
0.0,0.0,0.0
1.0,0.0,1.0
1.0,0.0,1.0
1.0,0.0,1.0
0.0,1.0,0.0
1.0,0.0,1.0
0.0,1.0,0.0
1.0,0.0,1.0
1.0,0.0,1.0
0.0,1.0,1.0
1.0,1.0,1.0
0.0,0.0,0.0
0.0,1.0,0.0
1.0,1.0,1.0
1.0,1.0,1.0
0.0,1.0,0.0
1.0,1.0,1.0
0.0,1.0,0.0
1.0,1.0,1.0
1.0,1.0,0.0
1.0,1.0,1.0
0.0,1.0,0.0
0.0,1.0,1.0
0.0,1.0,0.0
1.0,1.0,1.0
1.0,0.0,0.0
0.0,1.0,0.0
0.0,1.0,0.0
0.0,0.0,0.0
1.0,1.0,0.0
0.0,1.0,0.0
0.0,0.0,0.0
1.0,1.0,0.0
1.0,1.0,1.0
0.0,1.0,1.0
1.0,0.0,1.0
1.0,1.0,1.0
1.0,1.0,1.0
1.0,1.0,1.0
0.0,1.0,0.0
1.0,0.0,1.0
1.0,0.0,1.0
1.0,1.0,0.0
0.0,0.0,0.0
1.0,0.0,1.0
1.0,0.0,1.0
0.0,1.0,1.0
1.0,1.0,1.0
1.0,1.0,1.0
0.0,1.0,1.0
1.0,0.0,1.0
0.0,1.0,1.0
1.0,1.0,1.0
1.0,1.0,1.0
0.0,1.0,0.0
0.0,1.0,0.0
0.0,0.0,0.0
1.0,1.0,1.0
0.0,1.0,1.0
1.0,1.0,1.0
0.0,0.0,1.0
1.0,0.0,0.0
0.0,1.0,0.0
1.0,1.0,1.0
0.0,0.0,1.0
1.0,0.0,1.0
1.0,1.0,0.0
1.0,1.0,1.0
0.0,1.0,1.0
0.0,1.0,0.0
1.0,1.0,1.0
1.0,0.0,1.0
1.0,0.0,1.0
0.0,1.0,0.0
1.0,1.0,0.0
1.0,0.0,1.0
0.0,1.0,1.0
0.0,1.0,0.0
0.0,1.0,0.0
0.0,0.0,0.0
1.0,0.0,1.0
1.0,0.0,1.0
0.0,1.0,0.0
1.0,0.0,1.0
1.0,1.0,1.0
1.0,1.0,1.0
0.0,1.0,0.0
0.0,0.0,1.0
0.0,1.0,0.0
0.0,0.0,1.0
1.0,0.0,1.0
1.0,0.0,0.0
0.0,1.0,1.0
1.0,0.0,1.0
1.0,1.0,1.0
1.0,1.0,1.0
1.0,1.0,0.0
1.0,1.0,0.0
0.0,0.0,1.0
0.0,0.0,1.0
0.0,1.0,0.0
1.0,1.0,1.0
0.0,0.0,0.0
0.0,0.0,1.0
0.0,0.0,1.0
1.0,1.0,1.0
1.0,1.0,1.0
0.0,0.0,1.0
1.0,1.0,1.0
1.0,0.0,1.0
1.0,1.0,0.0
1.0,1.0,0.0
1.0,0.0,1.0
0.0,1.0,0.0
1.0,0.0,1.0
0.0,0.0,1.0
1.0,1.0,1.0
0.0,0.0,0.0
0.0,1.0,1.0
1.0,0.0,0.0
0.0,1.0,0.0
1.0,1.0,0.0
0.0,0.0,0.0
1.0,0.0,1.0
1.0,1.0,1.0
1.0,0.0,1.0
1.0,1.0,0.0
0.0,1.0,0.0
0.0,1.0,1.0
0.0,1.0,1.0
0.0,0.0,1.0
1.0,1.0,0.0
0.0,1.0,0.0
0.0,0.0,1.0
1.0,1.0,1.0
0.0,1.0,0.0
1.0,0.0,0.0
1.0,1.0,1.0
1.0,1.0,1.0
0.0,1.0,1.0
0.0,0.0,0.0
0.0,1.0,1.0
1.0,1.0,1.0
1.0,1.0,1.0
0.0,1.0,0.0
0.0,1.0,1.0
1.0,0.0,1.0
1.0,1.0,1.0
0.0,1.0,1.0
0.0,1.0,0.0
0.0,1.0,0.0
1.0,1.0,1.0
1.0,1.0,1.0
0.0,1.0,1.0
0.0,1.0,1.0
1.0,0.0,0.0
1.0,1.0,1.0
1.0,0.0,1.0
1.0,0.0,1.0
0.0,1.0,1.0
0.0,1.0,1.0
1.0,1.0,1.0
0.0,0.0,1.0
1.0,1.0,1.0
1.0,0.0,1.0
0.0,1.0,0.0
1.0,0.0,1.0
1.0,0.0,1.0
1.0,0.0,1.0
1.0,1.0,0.0
1.0,0.0,1.0
1.0,0.0,0.0
0.0,1.0,0.0
0.0,1.0,1.0
0.0,0.0,0.0
0.0,0.0,0.0
1.0,1.0,1.0
1.0,1.0,0.0
1.0,0.0,1.0
1.0,0.0,1.0
1.0,0.0,1.0
1.0,0.0,1.0
0.0,1.0,1.0
0.0,0.0,0.0
0.0,0.0,1.0
1.0,0.0,1.0
1.0,1.0,0.0
1.0,1.0,1.0
0.0,1.0,0.0
0.0,1.0,1.0
0.0,1.0,0.0
1.0,0.0,1.0
1.0,1.0,1.0
1.0,0.0,1.0
1.0,0.0,1.0
1.0,0.0,0.0
0.0,0.0,1.0
1.0,0.0,1.0
0.0,1.0,0.0
0.0,0.0,0.0
1.0,0.0,1.0
0.0,1.0,0.0
0.0,0.0,0.0
1.0,1.0,1.0
0.0,1.0,1.0
0.0,1.0,0.0
0.0,1.0,0.0
0.0,1.0,0.0
1.0,0.0,1.0
1.0,1.0,1.0
1.0,1.0,1.0
1.0,0.0,1.0
1.0,0.0,0.0
1.0,1.0,1.0
1.0,0.0,1.0
1.0,1.0,0.0
1.0,0.0,1.0
0.0,1.0,0.0
0.0,1.0,1.0
0.0,0.0,0.0
0.0,1.0,0.0
0.0,0.0,1.0
1.0,1.0,1.0
1.0,0.0,0.0
1.0,0.0,1.0
0.0,1.0,0.0
0.0,0.0,0.0
1.0,0.0,1.0
0.0,1.0,0.0
1.0,1.0,1.0
0.0,0.0,0.0
0.0,0.0,1.0
1.0,0.0,1.0
0.0,1.0,0.0
1.0,0.0,1.0
0.0,1.0,0.0
1.0,0.0,0.0
1.0,1.0,0.0
0.0,1.0,1.0
1.0,1.0,1.0
1.0,1.0,1.0
0.0,1.0,1.0
0.0,0.0,0.0
1.0,0.0,1.0
1.0,0.0,1.0
1.0,1.0,1.0
1.0,1.0,1.0
1.0,1.0,1.0
0.0,1.0,1.0
1.0,1.0,0.0
0.0,0.0,1.0
0.0,1.0,1.0
1.0,0.0,1.0
1.0,1.0,1.0
1.0,1.0,1.0
1.0,1.0,1.0
0.0,1.0,1.0
1.0,1.0,1.0
0.0,0.0,0.0
0.0,1.0,1.0
1.0,0.0,1.0
0.0,1.0,1.0
0.0,0.0,0.0
0.0,1.0,1.0
0.0,0.0,0.0
1.0,0.0,1.0
1.0,0.0,1.0
0.0,1.0,1.0
0.0,1.0,1.0
1.0,1.0,1.0
1.0,0.0,1.0
1.0,0.0,1.0
0.0,1.0,0.0
0.0,1.0,0.0
0.0,0.0,1.0
1.0,0.0,0.0
1.0,1.0,1.0
1.0,1.0,1.0
1.0,1.0,1.0
1.0,0.0,1.0
0.0,1.0,0.0
0.0,1.0,1.0
0.0,1.0,0.0
0.0,1.0,0.0
0.0,0.0,0.0
1.0,1.0,0.0
0.0,1.0,1.0
0.0,1.0,0.0
0.0,1.0,0.0
1.0,1.0,1.0
1.0,0.0,1.0
1.0,1.0,1.0
1.0,0.0,1.0
1.0,1.0,1.0
1.0,1.0,1.0
1.0,0.0,1.0
0.0,1.0,1.0
0.0,1.0,0.0
0.0,1.0,1.0
0.0,1.0,0.0
0.0,1.0,0.0
0.0,1.0,0.0
0.0,1.0,1.0
0.0,1.0,1.0
1.0,0.0,1.0
0.0,1.0,0.0
0.0,1.0,0.0
0.0,1.0,0.0
0.0,0.0,1.0
1.0,1.0,1.0
0.0,1.0,0.0
1.0,0.0,1.0
1.0,1.0,1.0
1.0,0.0,1.0
1.0,1.0,1.0
1.0,1.0,1.0
0.0,1.0,1.0
0.0,0.0,0.0
1.0,1.0,0.0
1.0,1.0,1.0
0.0,1.0,0.0
1.0,0.0,1.0
1.0,1.0,0.0
1.0,1.0,1.0
0.0,1.0,0.0
0.0,0.0,0.0
0.0,1.0,0.0
1.0,1.0,1.0
1.0,0.0,1.0
0.0,0.0,0.0
1.0,1.0,1.0
1.0,1.0,0.0
0.0,1.0,1.0
1.0,0.0,1.0
1.0,1.0,1.0
0.0,1.0,0.0
0.0,1.0,1.0
0.0,1.0,0.0
1.0,1.0,1.0
0.0,1.0,1.0
0.0,1.0,1.0
0.0,1.0,0.0
1.0,1.0,1.0
1.0,1.0,1.0
0.0,1.0,0.0
0.0,1.0,0.0
1.0,1.0,0.0
1.0,0.0,0.0
0.0,0.0,0.0
0.0,1.0,0.0
1.0,1.0,1.0
1.0,1.0,1.0
1.0,1.0,1.0
1.0,0.0,1.0
0.0,1.0,0.0
0.0,1.0,0.0
1.0,1.0,0.0
1.0,1.0,1.0
1.0,1.0,1.0
1.0,0.0,0.0
0.0,0.0,1.0
1.0,1.0,1.0
1.0,1.0,0.0
1.0,1.0,1.0
1.0,1.0,1.0
1.0,1.0,1.0
0.0,1.0,0.0
1.0,1.0,1.0
1.0,1.0,1.0
1.0,0.0,1.0
0.0,1.0,1.0
0.0,1.0,0.0
1.0,0.0,1.0
0.0,1.0,0.0
1.0,1.0,0.0
1.0,0.0,1.0
0.0,1.0,0.0
0.0,1.0,0.0
1.0,0.0,1.0
1.0,1.0,0.0
0.0,1.0,0.0
0.0,1.0,1.0
0.0,1.0,0.0
1.0,0.0,1.0
0.0,0.0,1.0
0.0,0.0,1.0
0.0,0.0,0.0
1.0,1.0,1.0
0.0,0.0,0.0
1.0,1.0,0.0
1.0,1.0,0.0
0.0,0.0,0.0
0.0,1.0,0.0
0.0,1.0,0.0
1.0,1.0,0.0
1.0,1.0,1.0
0.0,1.0,1.0
1.0,0.0,0.0
1.0,0.0,0.0
0.0,1.0,1.0
1.0,0.0,1.0
1.0,0.0,0.0
0.0,0.0,1.0
1.0,0.0,1.0
0.0,1.0,1.0
0.0,1.0,1.0
1.0,0.0,1.0
1.0,0.0,1.0
0.0,1.0,1.0
1.0,0.0,0.0
1.0,1.0,1.0
1.0,1.0,1.0
1.0,1.0,1.0
0.0,1.0,0.0
1.0,1.0,0.0
1.0,1.0,1.0
1.0,1.0,0.0
0.0,0.0,0.0
0.0,1.0,1.0
0.0,0.0,1.0
0.0,1.0,0.0
1.0,1.0,1.0
1.0,0.0,1.0
1.0,1.0,1.0
1.0,1.0,1.0
0.0,1.0,0.0
0.0,0.0,0.0
0.0,1.0,0.0
0.0,0.0,0.0
1.0,1.0,0.0
0.0,0.0,1.0
0.0,1.0,0.0
1.0,1.0,1.0
1.0,1.0,1.0
0.0,1.0,0.0
0.0,1.0,1.0
1.0,1.0,1.0
0.0,1.0,1.0
1.0,0.0,1.0
0.0,0.0,0.0
1.0,0.0,1.0
1.0,0.0,1.0
0.0,0.0,0.0
0.0,1.0,0.0
0.0,1.0,0.0
1.0,1.0,1.0
1.0,1.0,1.0
0.0,1.0,0.0
0.0,0.0,0.0
0.0,0.0,1.0
0.0,1.0,0.0
0.0,1.0,0.0
0.0,1.0,0.0
0.0,0.0,1.0
0.0,1.0,0.0
1.0,1.0,1.0
1.0,1.0,1.0
0.0,1.0,1.0
1.0,1.0,1.0
0.0,1.0,1.0
1.0,0.0,1.0
1.0,0.0,1.0
1.0,1.0,1.0
0.0,1.0,0.0
0.0,1.0,0.0
0.0,1.0,0.0
1.0,1.0,0.0
0.0,0.0,1.0
0.0,1.0,0.0
0.0,0.0,0.0
0.0,1.0,0.0
0.0,1.0,1.0
0.0,0.0,1.0
0.0,0.0,1.0
1.0,0.0,1.0
1.0,0.0,1.0
1.0,1.0,1.0
1.0,0.0,0.0
1.0,0.0,1.0
1.0,0.0,1.0
0.0,0.0,1.0
0.0,1.0,0.0
1.0,0.0,1.0
0.0,1.0,1.0
0.0,1.0,1.0
0.0,1.0,0.0
0.0,1.0,0.0
1.0,0.0,0.0
1.0,0.0,1.0
1.0,1.0,1.0
1.0,0.0,1.0
1.0,0.0,1.0
0.0,1.0,1.0
1.0,1.0,1.0
0.0,1.0,1.0
1.0,1.0,1.0
0.0,1.0,0.0
0.0,0.0,0.0
0.0,0.0,0.0
0.0,0.0,1.0
0.0,1.0,1.0
1.0,1.0,0.0
1.0,0.0,1.0
1.0,1.0,1.0
1.0,0.0,1.0
0.0,0.0,0.0
1.0,1.0,1.0
1.0,1.0,1.0
0.0,0.0,1.0
1.0,1.0,0.0
0.0,1.0,0.0
1.0,1.0,0.0
1.0,1.0,1.0
1.0,1.0,1.0
0.0,1.0,0.0
0.0,1.0,0.0
1.0,0.0,1.0
0.0,1.0,1.0
1.0,0.0,1.0
0.0,1.0,0.0
1.0,1.0,1.0
0.0,1.0,0.0
0.0,1.0,1.0
0.0,1.0,1.0
1.0,1.0,1.0
1.0,0.0,1.0
0.0,1.0,1.0
1.0,1.0,1.0
1.0,0.0,1.0
0.0,1.0,0.0
0.0,1.0,0.0
1.0,0.0,1.0
0.0,1.0,1.0
1.0,0.0,1.0
1.0,0.0,0.0
0.0,1.0,0.0
1.0,0.0,1.0
0.0,1.0,1.0
1.0,0.0,1.0
1.0,1.0,1.0
0.0,1.0,0.0
0.0,1.0,1.0
0.0,1.0,0.0
1.0,1.0,1.0
0.0,1.0,0.0
1.0,1.0,0.0
1.0,0.0,1.0
0.0,1.0,0.0
1.0,1.0,1.0
1.0,0.0,1.0
0.0,1.0,1.0
1.0,0.0,1.0
1.0,1.0,1.0
0.0,1.0,0.0
1.0,0.0,1.0
1.0,0.0,0.0
1.0,0.0,0.0
1.0,0.0,1.0
1.0,1.0,1.0
0.0,1.0,1.0
1.0,0.0,0.0
1.0,1.0,1.0
1.0,0.0,1.0
0.0,1.0,0.0
0.0,1.0,0.0
1.0,0.0,0.0
1.0,1.0,1.0
0.0,1.0,1.0
1.0,0.0,0.0
1.0,1.0,1.0
0.0,1.0,1.0
0.0,1.0,1.0
1.0,1.0,1.0
0.0,1.0,1.0
1.0,0.0,1.0
0.0,0.0,0.0
1.0,0.0,1.0
0.0,1.0,1.0
0.0,1.0,0.0
1.0,1.0,0.0
1.0,1.0,1.0
1.0,1.0,1.0
1.0,1.0,0.0
1.0,1.0,1.0
1.0,1.0,1.0
0.0,0.0,0.0
1.0,0.0,1.0
0.0,1.0,0.0
1.0,0.0,1.0
1.0,0.0,1.0
1.0,1.0,1.0
1.0,1.0,0.0
0.0,1.0,1.0
0.0,1.0,1.0
0.0,0.0,1.0
0.0,0.0,0.0
0.0,1.0,0.0
0.0,0.0,1.0
1.0,1.0,1.0
1.0,0.0,1.0
1.0,0.0,1.0
1.0,0.0,1.0
1.0,0.0,1.0
1.0,1.0,1.0
0.0,0.0,1.0
0.0,1.0,0.0
1.0,0.0,1.0
0.0,1.0,0.0
0.0,0.0,1.0
1.0,0.0,1.0
0.0,1.0,0.0
1.0,1.0,0.0
0.0,1.0,0.0
1.0,1.0,1.0
1.0,1.0,1.0
1.0,0.0,1.0
0.0,1.0,1.0
0.0,1.0,0.0
0.0,1.0,1.0
1.0,0.0,1.0
0.0,0.0,0.0
0.0,0.0,0.0
1.0,0.0,1.0
0.0,1.0,0.0
1.0,1.0,1.0
0.0,1.0,1.0
1.0,1.0,0.0
0.0,1.0,0.0
1.0,0.0,1.0
1.0,1.0,1.0
1.0,1.0,0.0
0.0,1.0,0.0
0.0,0.0,1.0
0.0,1.0,0.0
0.0,0.0,0.0
1.0,0.0,0.0
0.0,1.0,0.0
0.0,0.0,0.0
0.0,1.0,1.0
0.0,1.0,0.0
0.0,1.0,0.0
1.0,1.0,0.0
0.0,1.0,0.0
1.0,1.0,1.0
1.0,1.0,1.0
0.0,1.0,1.0
1.0,1.0,1.0
0.0,1.0,0.0
1.0,0.0,1.0
0.0,1.0,0.0
1.0,1.0,0.0
1.0,1.0,0.0
1.0,0.0,1.0
0.0,1.0,0.0
1.0,0.0,1.0
1.0,1.0,1.0
1.0,1.0,1.0
0.0,1.0,0.0
0.0,0.0,0.0
1.0,1.0,1.0
1.0,0.0,1.0
0.0,1.0,0.0
0.0,0.0,0.0
1.0,0.0,1.0
1.0,1.0,1.0
0.0,0.0,1.0
1.0,1.0,0.0
0.0,0.0,0.0
0.0,1.0,0.0
0.0,0.0,1.0
0.0,1.0,1.0
1.0,1.0,0.0
0.0,1.0,1.0
1.0,0.0,1.0
1.0,0.0,1.0
1.0,1.0,1.0
1.0,0.0,0.0
0.0,1.0,0.0
0.0,1.0,1.0
0.0,1.0,0.0
0.0,0.0,0.0
1.0,0.0,1.0
1.0,1.0,1.0
1.0,1.0,1.0
0.0,0.0,0.0
0.0,1.0,1.0
1.0,1.0,1.0
0.0,0.0,0.0
0.0,1.0,0.0
0.0,1.0,0.0
1.0,1.0,1.0
0.0,1.0,0.0
1.0,1.0,1.0
1.0,0.0,1.0
1.0,1.0,1.0
1.0,1.0,0.0
1.0,1.0,0.0
1.0,1.0,1.0
0.0,0.0,1.0
1.0,1.0,0.0
0.0,0.0,0.0
1.0,1.0,1.0
0.0,0.0,1.0
1.0,0.0,1.0
1.0,1.0,1.0
0.0,1.0,0.0
1.0,1.0,1.0
1.0,1.0,0.0
1.0,1.0,1.0
1.0,1.0,1.0
1.0,1.0,0.0
0.0,1.0,1.0
1.0,0.0,1.0
1.0,0.0,1.0
0.0,1.0,0.0
1.0,0.0,1.0
0.0,0.0,1.0
0.0,1.0,1.0
1.0,1.0,1.0
1.0,0.0,1.0
1.0,1.0,1.0
1.0,0.0,1.0
1.0,1.0,1.0
0.0,1.0,1.0
1.0,0.0,1.0
1.0,1.0,0.0
0.0,0.0,0.0
1.0,0.0,1.0
0.0,1.0,1.0
1.0,0.0,0.0
0.0,1.0,0.0
1.0,1.0,1.0
1.0,0.0,1.0
0.0,0.0,0.0
0.0,1.0,1.0
0.0,0.0,1.0
0.0,1.0,1.0
1.0,1.0,1.0
1.0,1.0,1.0
1.0,0.0,1.0
1.0,0.0,1.0
1.0,0.0,1.0
1.0,1.0,1.0
0.0,1.0,1.0
0.0,1.0,1.0
0.0,1.0,0.0
0.0,1.0,0.0
1.0,1.0,1.0
1.0,1.0,1.0
1.0,0.0,0.0
0.0,0.0,1.0
0.0,1.0,1.0
0.0,1.0,0.0
0.0,1.0,1.0
1.0,0.0,1.0
0.0,0.0,1.0
0.0,0.0,1.0
1.0,0.0,0.0
0.0,1.0,0.0
1.0,0.0,1.0
1.0,1.0,1.0
1.0,0.0,1.0
0.0,1.0,1.0
0.0,1.0,0.0
0.0,1.0,0.0
1.0,1.0,1.0
0.0,1.0,0.0
0.0,0.0,0.0
1.0,1.0,1.0
1.0,1.0,1.0
1.0,1.0,1.0
1.0,0.0,1.0
1.0,1.0,1.0
1.0,1.0,0.0
0.0,0.0,1.0
1.0,1.0,1.0
1.0,1.0,1.0
0.0,0.0,1.0
0.0,1.0,1.0
0.0,0.0,1.0
0.0,1.0,0.0
1.0,0.0,1.0
1.0,0.0,1.0
0.0,0.0,0.0
1.0,0.0,1.0
0.0,1.0,1.0
0.0,0.0,1.0
1.0,0.0,0.0
1.0,1.0,1.0
0.0,1.0,1.0
1.0,1.0,1.0
0.0,0.0,0.0
0.0,0.0,0.0
1.0,0.0,0.0
0.0,1.0,0.0
1.0,1.0,1.0
1.0,0.0,1.0
1.0,0.0,1.0
1.0,1.0,0.0
1.0,1.0,1.0
1.0,0.0,1.0
0.0,0.0,1.0
0.0,0.0,0.0
1.0,0.0,0.0
1.0,0.0,1.0
0.0,1.0,1.0
0.0,1.0,1.0
1.0,0.0,1.0
1.0,1.0,1.0
1.0,1.0,1.0
0.0,1.0,1.0
1.0,1.0,1.0
1.0,0.0,1.0
0.0,1.0,1.0
1.0,1.0,1.0
1.0,1.0,1.0
1.0,1.0,1.0
1.0,1.0,1.0
1.0,1.0,1.0
0.0,1.0,0.0
0.0,1.0,0.0
0.0,0.0,1.0
0.0,1.0,1.0
1.0,1.0,0.0
1.0,0.0,1.0
1.0,1.0,1.0
1.0,1.0,1.0
1.0,0.0,1.0
1.0,1.0,1.0
0.0,0.0,1.0
0.0,1.0,0.0
1.0,0.0,1.0
0.0,1.0,0.0
0.0,0.0,1.0
1.0,1.0,1.0
1.0,1.0,1.0
1.0,1.0,0.0
1.0,0.0,0.0
1.0,0.0,1.0
1.0,1.0,1.0
1.0,1.0,1.0
0.0,0.0,0.0
1.0,1.0,1.0
1.0,0.0,1.0
0.0,0.0,0.0
1.0,1.0,1.0
0.0,1.0,0.0
1.0,1.0,1.0
1.0,0.0,0.0
0.0,0.0,0.0
1.0,0.0,1.0
0.0,0.0,0.0
1.0,1.0,0.0
1.0,0.0,1.0
1.0,0.0,1.0
1.0,1.0,0.0
0.0,1.0,0.0
0.0,1.0,0.0
1.0,0.0,1.0
1.0,0.0,1.0
1.0,1.0,1.0
1.0,0.0,1.0
1.0,1.0,1.0
0.0,1.0,1.0
1.0,1.0,1.0
0.0,1.0,1.0
0.0,1.0,0.0
0.0,0.0,0.0
0.0,0.0,1.0
0.0,1.0,0.0
1.0,0.0,1.0
1.0,0.0,1.0
1.0,0.0,1.0
0.0,1.0,0.0
0.0,1.0,0.0
1.0,1.0,1.0
0.0,1.0,0.0
1.0,1.0,0.0
0.0,1.0,1.0
1.0,1.0,1.0
0.0,1.0,1.0
0.0,1.0,1.0
1.0,1.0,1.0
0.0,0.0,1.0
1.0,0.0,0.0
1.0,1.0,1.0
0.0,1.0,1.0
1.0,0.0,1.0
1.0,1.0,0.0
0.0,1.0,0.0
1.0,1.0,1.0
1.0,0.0,1.0
1.0,1.0,1.0
0.0,1.0,0.0
1.0,0.0,1.0
0.0,1.0,0.0
1.0,1.0,1.0
0.0,0.0,0.0
1.0,1.0,1.0
1.0,1.0,1.0
0.0,1.0,1.0
1.0,0.0,1.0
1.0,0.0,1.0
1.0,1.0,0.0
0.0,1.0,0.0
1.0,1.0,1.0
1.0,1.0,1.0
0.0,1.0,0.0
0.0,1.0,0.0
1.0,0.0,1.0
1.0,0.0,1.0
0.0,0.0,0.0
1.0,0.0,0.0
0.0,1.0,0.0
1.0,1.0,1.0
1.0,0.0,1.0
1.0,0.0,1.0
1.0,0.0,1.0
